   m/s
 -1.00   #Scaling factor by which the time series below is scaled
  1.00   #Time step of data file in s
 -0.09
  0.10
  0.28
  0.40
  0.38
  0.31
  0.11
 -0.11
 -0.30
 -0.42
 -0.50
 -0.44
 -0.28
 -0.04
  0.24
  0.44
  0.58
  0.53
  0.33
  0.06
 -0.20
 -0.38
 -0.44
 -0.41
 -0.29
 -0.10
  0.08
  0.29
  0.39
  0.36
  0.24
  0.07
 -0.09
 -0.21
 -0.23
 -0.22
 -0.18
 -0.11
 -0.03
  0.06
  0.13
  0.18
  0.19
  0.20
  0.15
  0.11
  0.02
 -0.08
 -0.17
 -0.24
 -0.26
 -0.21
 -0.17
 -0.07
  0.06
  0.17
  0.27
  0.29
  0.22
  0.09
 -0.03
 -0.13
 -0.21
 -0.23
 -0.20
 -0.13
 -0.00
  0.12
  0.21
  0.23
  0.19
  0.11
  0.01
 -0.06
 -0.13
 -0.18
 -0.17
 -0.17
 -0.13
 -0.04
  0.06
  0.13
  0.15
  0.15
  0.08
  0.03
  0.01
 -0.00
 -0.02
 -0.06
 -0.10
 -0.09
 -0.05
  0.01
  0.04
  0.04
  0.01
  0.00
 -0.01
 -0.02
 -0.04
 -0.06
 -0.09
 -0.06
 -0.01
  0.07
  0.11
  0.13
  0.11
  0.08
  0.05
 -0.00
 -0.05
 -0.10
 -0.13
 -0.13
 -0.08
 -0.03
  0.02
  0.05
  0.07
  0.10
  0.12
  0.13
  0.11
  0.02
 -0.05
 -0.14
 -0.19
 -0.21
 -0.16
 -0.07
  0.06
  0.20
  0.29
  0.33
  0.24
  0.12
 -0.08
 -0.26
 -0.39
 -0.38
 -0.30
 -0.14
  0.07
  0.25
  0.34
  0.36
  0.26
  0.07
 -0.10
 -0.23
 -0.27
 -0.25
 -0.13
  0.04
  0.19
  0.30
  0.30
  0.18
  0.05
 -0.11
 -0.21
 -0.25
 -0.24
 -0.17
 -0.08
  0.05
  0.17
  0.23
  0.21
  0.13
  0.01
 -0.08
 -0.13
 -0.14
 -0.12
 -0.09
 -0.02
  0.05
  0.11
  0.13
  0.12
  0.08
  0.02
 -0.02
 -0.06
 -0.10
 -0.13
 -0.13
 -0.12
 -0.11
 -0.08
 -0.01
  0.07
  0.15
  0.00
  0.22
  0.25
  0.20
  0.10
 -0.04
 -0.17
 -0.24
 -0.22
 -0.17
 -0.08
 -0.03
  0.03
  0.10
  0.13
  0.13
  0.07
  0.01
 -0.04
 -0.03
 -0.00
  0.03
  0.03
  0.02
  0.00
 -0.00
  0.00
  0.00
  0.01
  0.02
  0.03
  0.07
  0.08
  0.05
 -0.07
 -0.19
 -0.23
 -0.22
 -0.13
 -0.02
  0.09
  0.16
  0.23
  0.26
  0.22
  0.12
 -0.02
 -0.14
 -0.18
 -0.18
 -0.08
  0.01
  0.05
  0.06
  0.02
 -0.02
 -0.05
 -0.05
 -0.04
 -0.01
  0.00
  0.04
  0.06
  0.05
  0.00
 -0.08
 -0.11
 -0.08
  0.00
  0.11
  0.18
  0.20
  0.17
  0.09
 -0.04
 -0.16
 -0.27
 -0.32
 -0.26
 -0.10
  0.10
  0.26
  0.36
