   l/s
  1.00   #Scale factor
  1.00   #Time step of data file in s
1626.53
1589.57
1552.60
1485.27
1417.94
1337.14
1256.34
1175.54
1101.61
1027.67
953.74
731.94
510.14
288.34
288.34
288.34
  0.00
  0.00
  0.00
  0.00
  0.00
  0.00
  0.00
  0.00
  0.00
  0.00
  0.00
  0.00
  0.00
  0.00
  0.00
  0.00
  0.00
  0.00
  0.00
  0.00
  0.00
  0.00
  0.00
  0.00
  0.00
  0.00
  0.00
  0.00
  0.00
  0.00
  0.00
  0.00
  0.00
  0.00
  0.00
  0.00
  0.00
  0.00
  0.00
  0.00
  0.00
  0.00
  0.00
  0.00
  0.00
  0.00
  0.00
  0.00
  0.00
  0.00
  0.00
  0.00
  0.00
  0.00
  0.00
  0.00
  0.00
  0.00
  0.00
  0.00
  0.00
  0.00
  0.00
  0.00
  0.00
  0.00
  0.00
  0.00
  0.00
  0.00
  0.00
  0.00
  0.00
  0.00
  0.00
  0.00
  0.00
  0.00
  0.00
  0.00
  0.00
  0.00
  0.00
  0.00
  0.00
  0.00
  0.00
  0.00
  0.00
  0.00
  0.00
  0.00
  0.00
  0.00
  0.00
  0.00
  0.00
  0.00
  0.00
  0.00
  0.00
  0.00
  0.00
  0.00
  0.00
  0.00
  0.00
  0.00
  0.00
  0.00
  0.00
  0.00
  0.00
  0.00
  0.00
  0.00
  0.00
  0.00
  0.00
  0.00
  0.00
  0.00
  0.00
  0.00
  0.00
  0.00
  0.00
  0.00
  0.00
  0.00
  0.00
  0.00
  0.00
  0.00
  0.00
  0.00
  0.00
  0.00
  0.00
  0.00
  0.00
  0.00
  0.00
  0.00
  0.00
  0.00
  0.00
  0.00
  0.00
  0.00
  0.00
  0.00
  0.00
  0.00
  0.00
  0.00
  0.00
  0.00
  0.00
  0.00
  0.00
  0.00
  0.00
  0.00
  0.00
  0.00
  0.00
  0.00
  0.00
  0.00
  0.00
  0.00
  0.00
  0.00
  0.00
  0.00
  0.00
  0.00
  0.00
  0.00
  0.00
  0.00
  0.00
  0.00
  0.00
  0.00
  0.00
  0.00
  0.00
  0.00
  0.00
  0.00
221.80
443.60
443.60
443.60
665.40
665.40
689.16
689.16
688.37
687.58
687.58
687.58
798.48
798.48
820.66
842.84
842.84
842.84
909.38
909.38
972.75
972.75
1029.79
1086.82
1086.82
1086.82
1153.36
1153.36
1197.72
1242.08
1242.08
1242.08
1352.98
1352.98
1408.43
1408.43
1458.34
1508.24
1508.24
1508.24
1596.96
1596.96
1596.96
1596.96
1596.96
1596.96
1619.14
1619.14
1627.06
1627.06
1612.01
1596.96
1596.96
1596.96
1663.50
1663.50
1663.50
1663.50
1663.50
1663.50
1641.32
1641.32
1609.63
1609.63
1625.48
1641.32
1641.32
1641.32
1663.50
1663.50
1663.50
